DATASET = co2020 case challenge part
NAME = tools over vehicle days over vehicles over distance with 100 requests over 10 days

DAYS = 10
CAPACITY = 50
MAX_TRIP_DISTANCE = 17000
DEPOT_COORDINATE = 0

VEHICLE_COST = 4000
VEHICLE_DAY_COST = 200000
DISTANCE_COST = 1

TOOLS = 3
1	9	26	10000000
2	6	42	10000000
3	12	50	50000000

COORDINATES = 97
0	7410	5448
1	6309	2164
2	7546	6512
3	7373	6605
4	4235	4223
5	6909	6733
6	7672	7035
7	6886	7074
8	8542	7105
9	6744	7140
10	7576	7249
11	8076	7262
12	8268	7290
13	8782	7531
14	6595	7558
15	4513	7581
16	3922	4402
17	6212	7930
18	8872	7950
19	5448	8042
20	3704	5196
21	5563	8146
22	6278	8249
23	7106	8288
24	5650	8301
25	8093	8389
26	6672	8469
27	6886	8503
28	6953	8525
29	6173	8685
30	6324	9063
31	7492	9078
32	7471	8628
33	8951	9321
34	7217	9446
35	6935	9479
36	7017	9519
37	7928	9549
38	6872	9595
39	4254	4714
40	3704	6761
41	5299	4978
42	7860	5017
43	3966	4530
44	7353	7259
45	8630	5759
46	8851	9316
47	8298	6175
48	2943	2779
49	5990	1832
50	1855	1992
51	3303	3471
52	4026	2376
53	7621	5520
54	2645	2485
55	6487	2544
56	295	2759
57	2930	2804
58	4920	2812
59	2505	2903
60	5355	3025
61	2791	3067
62	5001	3093
63	4896	3210
64	6164	3243
65	4037	3276
66	3761	3332
67	7610	5699
68	4294	3554
69	8307	7706
70	4222	3568
71	4710	3570
72	7811	4018
73	4312	4024
74	8533	4213
75	7088	4245
76	8324	4566
77	2891	4592
78	8085	4739
79	5465	4894
80	8308	4894
81	7248	5019
82	8484	5019
83	4179	5100
84	3152	5188
85	8434	5208
86	3556	5216
87	5632	8305
88	7620	5406
89	7358	5412
90	8601	5434
91	7016	3031
92	6882	5592
93	7770	5710
94	8649	5877
95	9297	5891
96	8124	5987

REQUESTS = 100
1	66	2	5	3	3	1
2	52	5	7	1	3	3
3	26	1	3	1	1	2
4	39	2	3	2	2	2
5	45	5	6	2	3	1
6	57	4	7	2	3	3
7	13	1	2	2	3	1
8	63	2	5	1	3	2
9	53	5	6	1	3	2
10	35	5	7	3	1	2
11	2	3	4	1	2	1
12	37	3	4	2	3	1
13	1	6	7	2	2	3
14	29	4	7	2	1	1
15	44	1	2	2	1	3
16	81	5	8	1	2	3
17	56	2	5	1	1	2
18	43	5	6	1	1	1
19	16	1	3	3	1	2
20	77	5	8	2	2	1
21	74	6	7	2	3	1
22	67	1	3	2	1	3
23	51	2	4	3	2	2
24	11	7	8	1	1	3
25	12	6	7	2	1	1
26	20	2	4	2	3	2
27	31	1	4	3	3	3
28	50	1	4	3	2	1
29	47	4	6	3	1	2
30	70	2	3	2	2	1
31	42	1	3	2	3	2
32	42	3	4	3	2	3
33	54	3	4	1	1	3
34	22	2	3	3	3	2
35	38	5	6	3	3	1
36	49	6	9	1	1	1
37	3	5	8	1	2	3
38	83	1	3	3	1	3
39	9	5	6	2	3	2
40	91	2	3	2	2	2
41	62	1	2	2	1	3
42	6	5	7	3	3	2
43	59	1	3	2	2	3
44	78	3	4	3	2	3
45	36	1	3	2	1	1
46	40	3	4	3	2	3
47	64	4	6	2	2	1
48	32	1	3	2	2	3
49	95	2	4	1	2	3
50	10	6	8	2	1	2
51	79	1	3	2	3	2
52	96	4	7	2	3	3
53	93	7	9	1	3	2
54	61	6	7	3	2	3
55	14	4	6	3	2	1
56	92	3	5	2	2	1
57	72	5	7	3	1	1
58	21	1	3	2	3	3
59	23	3	6	1	3	2
60	61	4	7	3	3	2
61	15	4	5	3	3	1
62	48	4	6	3	3	2
63	87	2	3	3	3	2
64	38	5	6	3	2	2
65	71	5	8	1	3	3
66	17	5	7	3	2	2
67	68	5	6	3	1	1
68	89	6	8	2	1	2
69	73	1	4	2	1	3
70	4	3	4	2	1	1
71	46	6	9	1	1	2
72	88	2	4	3	3	3
73	82	5	7	3	3	3
74	33	4	7	1	2	3
75	30	1	3	3	1	1
76	94	3	6	3	2	1
77	65	1	3	1	1	3
78	28	3	4	3	2	2
79	80	2	4	3	3	3
80	60	3	5	3	1	1
81	5	3	4	3	3	3
82	69	3	4	2	1	3
83	90	3	5	2	3	3
84	41	5	6	3	3	2
85	27	5	6	1	2	2
86	18	1	4	2	2	1
87	34	2	4	2	2	1
88	7	2	5	1	2	3
89	86	5	6	3	2	3
90	18	4	5	3	3	3
91	8	2	5	3	2	1
92	75	3	6	1	2	1
93	85	4	6	3	3	1
94	19	2	3	2	2	3
95	84	3	5	3	1	2
96	76	5	7	2	3	3
97	55	5	7	2	3	2
98	24	1	3	3	1	3
99	58	4	7	3	3	2
100	25	2	5	2	3	2

